59.06283953085949
365.5590918345533
-650.2593056109035
171.979722830858
263.86295419364797
-37.44336406112234
-102.05101896903943
200.58024106493576
-4.720900205089492
-84.08629837499029
-144.19194474513097
-264.76809214523564
372.63157190882157
-19.854899459855005
64.29330250991188
650.6403339373901
-297.5816290638104
-38.46394233062165
7.7070242595636955
622.5268524492603
53.00165174544418
129.5765709881416
39.065208219513806
257.8609850758494
-1196.5381687337049
11.651443521070178
-313.9780603993768
-186.9256670120758
305.30129352521726
80.0
192.6459825185575
59.93012746689965
-90.2141192051422
92.86473709919483
49.20572126449042
13.813547245359587
371.1212176083718
171.5060421432736
-138.92552718998377
138.99591806807985
-10.698310865655003
-41.52174515164006
-49.41960369735352
-1659.9209722960295
143.57371072818205
-116.71099460359255
-23.888525335443774
-225.8892988272637
-43.34177259563512
-428.7087105159044
-322.01979335751093
-147.9888905937314
294.4014556295224
84.95061244025055
70.26018004432262
-70.1025692623225
0.0
250.21169769933294
265.397188464327
-236.85812119736147
226.74668159185785
54.26423729441194
530.4685969947004
89.68074601602711
607.4578244753429
-80.17561496080998
-28.357385396669997
68.91524711062993
-208.12539975969412
104.78042847210963
8.927452119383815
62.89689926074243
-337.4592391716469
-99.90858698316879
-102.4199069843362
-293.40698472992335
73.30281639076384
369.2775531427287
-619.7233523008563
35.816924306634974
-47.99874507511959
180.26083669053514
166.5389534177466
-61.449209535463524
10.186915326108647
-91.52390259946151
-31.902597823927863
112.61806523889936
33.03099309859317
-38.07790591847697
27.85373696653005
62.14391709287702
-151.35587180052426
431.78074802978153
146.8189233278954
146.70736425060568
-47.39336492891016
45.75774926482336
129.48614081429878
-46.497775486253886
-436.2568930115194
297.22958422011834
93.98038314012592
-457.3256496820668
-64.75951868844822
-163.601212632655
-106.95380323355312
-158.24799310530943
-77.32670606250394
68.5079482402416
644.3188999237245
272.77395227053603
86.1164605970207
197.18231907781228
-389.4955605268424
62.82511323531253
-915.9893647416447
78.74015748031525
270.2946753833694
58.51459302021249
49.27751129130047
-108.48486453588885
568.2921856753001
-204.83565410582924
28.088597159801793
-30.692406515860057
34.16151241717671
143.8309815972152
53.416889614270985
111.78864612809775
-134.81236528514637
-189.3699215140732
54.5786687493237
-116.99268212253992
102.73323843168328
-176.26584171238937
-543.0781771294296
169.65821216257063
-60.91305291793833
63.77562309224231
16.17589152556866
814.3113119459795
151.69532299756247
79.03525702855586
168.4967184197867
-99.59757385728517
103.79641941973387
-154.79379383870946
-603.9702435201361
-220.72443399792246
-36.66904425494431
364.45903468082724
367.68563421228464
-205.62711222812322
-73.73610471320171
-114.25162689368881
48.210357572726934
314.0154391119049
-35.78728364723611
3.9903530952851725
-103.9095402230796
169.33629478689727
-457.09084353932485
-121.10726643598537
-157.73812953653578
68.4931506849316
46.40706013763884
86.10857594541085
89.76660682226247
-156.61954015523406
-23.073999890526466
1204.8334202571677
-77.44985185979931
-155.55683713926555
790.4854450891216
-11.13551651400121
19.09977181611248
-134.43295284353735
139.9208151476505
300.1895620991927
7.221978793964809
309.77821313857567
-310.44325914182446
2.70198522089413
-192.77922704730554
-47.619047619047706
-237.1602305033448
185.11877776722577
192.1901643668425
-168.8748824369086
135.43630650966043
-53.223288959325146
407.502777411848
-38.835839055725955
-171.5602462833449
-39.16561043476395
213.47763502240377
38.49796784928003
36.0560531286701
79.37810119309324
59.22635467421787
-585.7362996039465
16.410464361269987
245.21792559616915
192.8324736231607
347.27009288900626
-46.64332678336177
-50.87762014116379
352.64618776026873
64.64641021319585
-157.62123640503705
-150.14304926975092
-8652.4872621171
11.971440583733056
-93.32458134186163
-240.30428498963374
-80.7448397634198
-236.44935212616656
-136.89662414411032
186.54018867416744
-161.32543622014236
183.38342570583882
482.0712902287851
27.02338097044776
-376.2618235490354
-4.2959908858792915
-104.9563881203776
0.8800138176975452
275.82370603780873
6.9520925506840285
19.209866079359927
298.66693416619273
119.80660579155301
-254.90474599463414
310.472189205655
39.92090787171037
4.085573391153957
118.73255111588333
1.5849975640976481
175.29978961247252
533.5599872917828
162.01119907097018
166.72944953375554
366.4873820904304
-69.21889414323596
11.646552371739745
-314.11172078691925
334.764735575176
71.54398606380528
-0.5006464996404247
287.8827855468171
-115.72833114270725
-142.21189536832208
84.1563071888686
-223.32492546158028
31.588056526330547
-122.51697075368611
61.038276542187305
247.44756080769912
-29.43642513044142
197.52611853734925
-91.4592141643825
133.32179669126526
299.329956824231
-19.93525215659065
878.5588896755326
-36.008538967347704
-26.264301223125585
140.72111215648147
-404.5053082646318
-123.81253949969141
-62.00848770635275
256.3265797465647
20.854296625409916
179.4450560091518
42.686583617165525
222.77437255209952
-254.19762853353132
199.4347979604372
-213.08067669178854
-567.9779730667615
505.9598495967184
-222.90327287562286
-19.355591107281725
-79.76963656060798
7.601002237859575
116.17256225984602
114.3659900765033
270.8342808093821
-619.7492900014222
92.61601475630778
918.1933907519742
296.1076073045442
-67.26096905400482
-21.84061211158587
184.06507721926027
47.83819662546739
-225.71175853577188
-65.94754590624507
-599.975197960106
-974.794128282987
-31.286897647874866
190.301592531574
211.14186632904057
189.35960922221238
496.89144739026233
769.5731171089428
132.19925167294423
-225.4264026473702
104.40202141799637
-46.30326541639806
129.23359689539575
-356.9278319451678
321.6001354311247
-56.23805987489686
398.3119691026186
6.907426677382318
255.91742490151228
121.29233958807527
43.540530451709856
-514.9352108913627
-236.380069988596
147.61000382953716
-201.03474790629116
86.5799224550683
81.89448780433122
50.777214362748055
284.55615160745765
914.5406300862578
-7447.6915362458585
0.5276003842554928
-31.948881789137886
-97.19513231363453
298.3463411894754
28.63968557059343
21.10394079227808
101.36341397281103
455.49332018477253
86.08496432228276
-354.61580896313535
215.65237074737888
340.82838455602723
99.50248756218934
-78.35400421034683
-13.351564204242095
100.35716911163581
498.34587272236786
-100.86062646650862
120.58632655387191
324.58569362055096
183.66780900005506
-241.65124148555515
480.2908251199733
174.7889297031761
294.47303127071973
32.19225548016584
249.20698162497683
0.0
33.649477899954945
28.08355335770102
-417.4682165610757
140.92780903470702
17.731687023029735
-491.8523958400856
-67.56830076487495
45.73392401390447
-599.4817158732621
95.84240263090578
-513.983428313597
-82.99466515115273
11.817327776148886
736.4447601458833
446.004081820427
-369.05989899867564
295.68405726088895
473.5391548208827
139.18072721319731
-38.656967763396096
-5.0045645796399185
99.35305358629921
-274.37941193851657
424.65639862474745
-651.7841619637129
193.66389220777455
56.835159853713776
-454.26355809613415
-77.47645200779152
-111.41668761450273
411.0129485210655
76.86991006830976
121.42953760139244
81.22660484099652
-8.037018504941443
113.10203371602074
228.57759849172544
-124.492694322229
-8.24683638134593
6.263129624270732
607.9902007200926
-68.78895397381348
-61.02590910314029
345.965367128043
161.7735863900598
91.32440777520605
-82.20661632526935
-182.06886168431447
5.593889416211823
80.2452813085165
3.8494653935813403
-297.115064604317
-94.70237791823274
-201.19938592471408
315.46661976631185
185.43320661776306
-69.34651932002089
-173.21909550650707
-0.9986120402536471
144.4128414175848
-1.1801223296297394
126.92326110056092
131.4544419981994
8.30745655053579
105.75736727228104
24.30930153600093
113.11134856170611
697.0696272044861
-31.62508678418817
1.6782841820950125
253.7790602951609
53.913293140583846
27.41002573467813
117.69682374534204
121.65289614190988
432.29862716327625
-164.39885169141962
-11.145001910113933
-59.67015480482041
59.55206443433053
49.20486110393722
22.002083082867102
145.39146573136168
-4.540632605878272
22.62521065367946
-60.41991578447414
1.910957454580057
353.41221832001247
41.009541716670356
451.5217417430176
-32.04973881999831
58.81320388310087
83.05238758987434
-371.0915930387164
1637.2565779678407
39.274381979410464
209.94645461967957
71.02222806797727
75.64175327070916
-92.71905071117726
840.3679364070267
-48.313159413450194
107.7085774688203
137.37132019367345
-336.7347641076467
-170.64846416382352
-46.728971962616924
17.078666286444786
144.15607061192168
-42.500710042422725
198.63497845733582
-26.695709472978706
-157.21141741269093
-131.43822829145392
-611.1127404051131
-78.20342957443609
-300.7831015338579
-35.19209646194213
1.2657364980004786
-99.888278491253
156.77957495357077
-23.548902692160482
466.12390808673626
220.61503123363764
582.4888128600469
-69.31373992112822
-76.00803306278067
-66.07097593603976
-134.54070008375857
41.73807960549129
155.1184148546272
-34.4716301491826
202.7600820466032
-229.70979665345476
-119.00306250094036
61.652058160707384
133.91713919890026
-615.9524369228093
73.5902117758269
-208.9834458360765
-47.012075754211764
207.42200354990746
170.8965413029291
339.8912800030048
-126.64735564789771
-183.13376116195832
323.9417157097487
-79.51780053904076
262.94428885915295
342.68958887962435
-90.5460074151506
885.7972126943951
154.7165965228578
-9.56433682489478
623.1738567641187
71.08373681922967
101.57729061881582
66.54058538384197
1267.4018476238616
84.1857419678945
-8.228012000165108
-107.16705973665194
147.5315181449314
5.2800192546728795
46.719380341317446
-54.94010741637612
-53.96741384109555
123.89061280196802
411.7603606458979
45.45976170698668
-342.206706165196
0.3570492773724254
-814.4211891971518
-59.81505424923307
-54.47728725244451
-193.26241162045335
387.6077604499369
179.0098546866593
-0.6831806954323838
-9.336989107363479
-555.0855294374014
149.6796927918549
-8.157240691189145
-583.0720014523176
93.71548573379187
-142.85714285714312
24.569531889865175
-530.9338209180714
476.6957266912377
141.26381497171133
-58.13953488372135
24.526783858016643
-184.43591310035845
-165.81419837919566
75.16512419708488
-151.62726625761024
-72.84694961729838
277.5351540704323
-96.55710444547731
393.86881838812224
-123.10374015127854
-310.0957026959877
-156.02695849003612
137.39997716542894
124.32025578552202
-90.42474201708319
-131.57233224047195
105.27195713121728
-67.66057137261305
-84.64981981036544
-40.322580645161
-176.0818117236813
-53.42205106048641
-444.8861187749935
223.55405010622962
217.58242028609857
-16.448770507962763
-72.80581575582619
567.3708397068967
76.39142473529137
97.50180976899719
-283.7610970262467
74.01924300961764
-26.23745105875787
205.44673778114702
-277.5545954121517
73.83022536618591
-224.4747124324076
1492.6058866428575
-223.0249079989335
-23.90067039432506
9.288666970673148
-91.19582612384329
-12.391961162349617
79.50178707176383
-46.940996342222206
33.27787021630502
-5.897704084347424
-33.21431556321477
113.51965027292681
147.1786483679898
483.5257273633724
-1432.1723958040438
-94.15827287596039
-62.49989706506858
-307.4114230420437
-169.7641776093442
-50.38875168649065
657.6804654659209
-136.30367536998347
-431.3391312192507
-4.17899942357144
-132.23140495867665
1.569814181088077
-204.39790108324814
29.15182241930779
-160.57551134677124
111.23328663440589
105.99926980461896
-354.9400427118362
107.38961183450192
767.7685332711062
0.0
45.460021672366565
-527.3432670407783
74.57701626158268
154.94801122162062
1004.5778541992204
-7.772398436709409
-210.16587316291225
68.60001984559494
-55.75782886216621
-218.2091055093897
131.2953308117485
-129.21317397897656
710.9519775559911
852.7160265720286
77.19961542927922
-14.384546040701025
441.81725154455125
125.08671392746328
100.66537038207753
99.47025518805822
-480.69053363951207
566.6130901134329
-70.58583306695073
-104.56399257396879
22.216606763435266
2409.3503857421256
-1803.5946019213825
-4632.124267133014
18.35432067689544
156.03473658651274
-45.915483805394615
10.612619853693104
-97.75705071456105
826.6871293560234
-0.6570234286227787
95.65897349911393
-150.41155622097904
271.34121913220406
821.1279765470772
120.87805231497259
-315.00746652075213
160.01885083018897
22.52627398666482
573.0733554558865
214.49519718669762
-27.74847611237601
-25.15020508183079
-126.55625353249889
371.6772772686927
-959.7796288756799
317.9347824223514
76.6569170143739
205.09028638419295
-393.97701815063374
388.6327664813107
-950.2658412921028
74.31524853444353
-59.096608081441445
191.55296923881178
-19.44885920708657
-113.7069515613257
-13.704683798796395
622.9513942189278
22.70827311676112
103.34239839470138
85.78629759998512
-212.80432838413435
-58.302734940145456
113.97591552238555
200.71612785507386
-93.85607011599313
756.3833768476525
113.97937710799488
625.6899267229164
-204.25567941510963
-42.61719532429015
156.31427313337736
-106.4964825974057
75.21331908538559
423.42850189191995
315.7329608046657
-22.3467641503521
456.91125406612264
13.588264346344658
-14.351623028742324
182.43037054725573
160.22191853443837
2.288699660774
943.1611737794974
-23.257948420070534
3.443616127362475
518.2424862350508
816.3447317776408
487.46825949126287
-31.350854538930435
216.92910501104234
-153.21918599587116
1589.3757074304704
-119.04761904761835
381.3706312501163
97.65973651570857
167.79785553711918
480.75441092978326
494.79465447281837
-3.9058763182802068
-370.6502255222822
-101.40812985995035
124.6742792830828
113.63636363636397
260.5924348665576
243.96157721061172
58.276576155942166
-144.927536231884
7.268483805921278
-216.59257473072103
247.84453443854363
-65.49041800043778
-63.31081341074969
-81.6147784453915
897.8163660091595
-17.769082849057668
375.5472977064328
-587.7873641384958
-268.02873017998536
229.69435852953393
21.212739096732548
-5.23902594070023
-33.47486052476779
180.75532771221333
-51.9904027906814
-71.78284654795061
164.91423501970712
-154.5362540779097
127.83116348370822
574.7916659975181
191.18509524881847
145.73393212936935
104.18350093210029
-211.16138763197523
-153.54853932473816
-172.48670854690135
49.91330905026007
181.79283985443726
-90.7065738621277
636.9118912400845
541.1507994484182
167.7620242044668
31.05590062111878
-235.6071536870677
507.467154878359
173.6335977652452
438.30312397552916
20.566919731176313
-138.83714908355796
106.37972667161193
-102.3153724659478
246.53776900766388
790.4157615984186
-337.35854880441
407.3419163752642
36.137756240264935
-132.43309770766245
-5.108256656831145
-844.0150793831035
18.81003556050564
-72.86892837595951
-395.6351441477018
-147.68921495916948
-828.384912331634
-141.48595764369566
1019.4320647404838
-41.908048553077606
78.97448144364171
190.41888418306007
-259.1231288624167
26.842209970036492
45.2254765735961
181.48120814721005
182.36416043372628
137.53382091964886
46.96612165963052
25.113199657411315
-8275.9515212427
772.1827454636114
-71.81282211330836
520.1960509437486
641.5821534899878
-535.6831541578013
368.6928482694075
202.06478740347302
173.46219305266277
297.67543792241304
172.7480602344349
-18.344562629717984
-14.446606005159992
112.74713634335421
-119.10785823189144
173.57324175889153
-49.76084817801711
-54.19840515122996
323.03483698614946
-118.2819969085158
-164.15724500174292
84.17981702535508
-550.177108409318
-501.95405574657525
-103.09278350515524
4.426795419421978
-533.7862613809884
-42.429808394635984
295.62825390497164
6.8292961325569195
1499.7342052376916
-166.55874720924658
138.91912143456648
214.80294215678805
271.7908593764787
48.150236102705094
545.0762033531773
-65.42066891481409
-130.69765600776554
13.078022383486314
-129.53050559804797
204.45649722387498
-59.10337934511335
-111.4349166375232
-231.81337885433823
237.7142388211323
-56.70296502464953
81.50836925612202
-246.3885508613148
289.99935155954336
424.7181175288315
405.0568639166704
182.5559649081315
-373.88612418119374
29.683120366127696
63.97558148812095
170.88007117934467
-127.0301156665555
326.25989310558543
63.9771102300092
56.99523288268756
267.4757642939676
-440.63234400441434
45.31108754800698
490.58262806359744
113.17835126840691
161.28158979562068
-3.8038647499197396
55.4306606444261
16.826037095614083
20.04008016032094
55.680709158034006
129.5423338910423
-93.36161712571447
184.32641319741379
-10.978921979422012
-84.59596463923299
-48.382079021945174
709.6652147111963
182.5517733941324
-348.82305281451045
703.4838821522208
-425.1629839728994
214.3472659448671
-2548.7423494951963
-392.5790106004861
-371.15915613939615
3.103568738017202
32.47785436351114
-371.8561951655756
-249.35554701318142
112.4605889416107
-84.37321418946703
150.27218771070875
-213.74356708756022
-31.85776496206563
17.34640345469961
23.05957823530116
-2.965859996707877
241.6642171724434
-118.81433246542474
67.51396960176498
-73.71652728963272
174.35120949134034
-114.86132082793483
-247.03071177078164
-41.78186164070394
300.3844164244201
-143.02228636683685
-472.0088195786375
-206.8336502157963
169.9906046593187
894.6987896303326
244.8684984372103
42.52306461735134
239.12687770274715
-70.92198581560297
375.8617074476333
-227.0472182648864
-498.5248824749542
-354.3815839923227
-28.515795092062035
-87.0140526983123
5.904017710814514
72.75830372419114
-554.2790645901205
-1086.5661543546157
187.45707554995897
673.9514308640664
477.9262012293548
-112.5537240275371
104.51232320450436
-319.39767824778755
430.21478298945294
46.20067593105159
1057.107586021204
27.80803186310186
-46.17115081446536
-64.85169545840108
118.55242877451747
-770.3196043315766
-79.6453708770241
-23.95502143489466
-42.18456725687065
-114.41593195373571
175.96480407770468
-581.3219919085113
-62.23193283463479
110.23729290288793
-100.29470065378337
766.7668551672341
16.952546458649522
-37.65681548225621
288.06584362139984
-229.47852990286265
-17.813368348224685
-492.35170460811423
122.69061677229729
-59.01395731138655
27.0817819447293
-322.80184495829417
-448.7417815418339
-42.63945598185455
-71.64780586178313
142.5304565497263
121.12300417392726
302.4037836073003
-4.8856609583308455
230.7000155745427
200.9234163959136
610.1137165934306
-118.36657924031351
-27.773363161413727
-112.75580727280612
148.25044947993592
1169.1107765581055
428.0161367434521
-81.96235931320916
306.0521374268883
374.8240543002503
267.2484189958832
-88.65572638223966
-121.00369622146354
-0.2804580052343226
185.73294242734482
416.66597645924776
96.44985358884514
352.6427140825308
106.65692334582127
51.479531741289975
206.62091463566503
-70.4333125729936
703.9582619913181
-616.5168865353717
-35.71548842915763
115.88730080888672
-72.38510564665376
-162.47050961401328
150.5939104359386
48.04450611857101
83.33333333333212
-99.5376806762797
452.5575673389303
394.33428766607904
196.50695740688934
-493.557613780411
-278.5930472032651
18.839456880563375
82.61535287408697
-432.92450240949074
-206.0335661828194
-43.90102633935567
351.13405889657406
-141.41337421014578
-200.64331934184156
126.27314293792551
32.91048233208312
-46.19225931100482
-418.4160317352289
316.7632293247807
106.78586234882096
93.77173464727821
220.48086955900908
-80.67642520820846
514.2324296257175
248.69149410892715
-838.8097960587584
-359.6836907404431
-0.7459119330615067
8.236030186175412
-184.14842353116546
-97.03597594810162
-116.74994732771847
-6.407134190258148
220.5941027214849
-39.40955055498125
178.1008327912332
107.25458418604285
711.7341023248064
-140.97768242949678
-338.5701186384849
212.9520622424261
301.48653607387314
-79.66636126296908
-214.2389839255411
-110.26407880608713
-0.4783542557252076
-8409.705927093672
-4.52938237089802
42.27277857572153
38.54722473743459
263.9932832409995
43.17673832872424
-283.113391168803
27.610933705089337
45.442729401887846
158.48750703605765
-7.2443746061817365
20.765898367359114
-123.01807906062459
-67.06525230882471
-1.807739134221265
-82.88931541590864
37.406086256223716
-96.2397944733384
-350.37695795402396
-202.85161718103154
300.01745464525266
126.58227848101342
-51.082957109647396
730.1674536274768
-270.15969749402757
-191.11693967311658
301.88293563182015
349.96744010361
-466.8819944639072
357.0233123718117
174.10566467561512
-187.88668855575088
-85.94706171449616
1243.325465917751
-4.540172420365707
209.95054845981394
3181.8512761942584
479.51586726497226
133.66310248760055
41.90321912608306
941.2136099985455
-263.56138829918564
26.315789473683253
-333.93697914279437
1.7710118982831773
969.5765628402096
600.4993163395266
1210.453517668413
-207.14562460119123
-633.1413909674247
-717.3072263210433
-109.60281830293934
-361.45208197755164
-151.20934587223383
-409.28816178512534
281.14732308475686
98.06495191469912
375.164620670299
44.74146386750181
108.88518356206441
44.81729107760475
112.77053214708758
499.150950508978
-178.5359908524515
-71.8212602163112
99.07906416905462
-147.37755271341666
-21.83564018897414
-61.92785487016408
115.8063315702002
450.1633053148089
-392.87824333419485
-417.0287728112726
-142.6559172562811
323.0490704363456
-201.81131543841366
127.91033214887466
-290.40300168382237
764.0986349726045
1579.9528390957257
459.9462922936491
115.18359364202661
81.88854407134022
159.60610711493246
987.9962284624908
76.24823768673923
708.2693018350546
624.3051937936652
227.26446838797347
-109.28185277031662
-301.3641408075637
1096.428288896337
-73.18139112027166
-400.48814957712057
356.90354833711353
3.4944709617739136
-3.639355239805809
16.171397966723816
589.1433728262364
106.6323425715218
1164.6173329061821
2817.000497544059
269.9850052160691
351.5519182985463
30.746252016946528
-171.92857108649696
129.958845884119
525.1137354230741
-97.61822335463148
583.1080031711663
200.5349595004718
128.29767398366494
201.826928857452
-97.13433627095765
314.5066166175184
12.50926218697714
484.9398126455417
-29.1954516245587
-127.62629946490597
-1.798714929856942
-232.46646833582963
97.73792758570562
164.95194914967033
-46.14949373412492
27.247757601793637
-660.8507754294296
1106.7040477098963
-243.45455151579517
0.44611449562398775
67.91041601551296
-103.03312573360563
60.54533615147375
49.95107712499521
227.46200824774678
88.15740398488197
564.0174945848084
1146.159741554051
40.03489843951138
-102.67474749244502
779.4084128248378
736.9646745642513
138.59183767832837
-49.44085129585619
230.6433739902568
729.8033540457109
618.050724473922
-85.31346680752358
344.91126174335113
293.7574257240394
477.2320870968979
-43.35460941456404
-188.65387847548482
-2.107686039584223
376.05362548674566
67.15066881745406
88.78707926880088
-28.784502170427004
18.70596395622306
146.42404692293167
36.04364448927481
227.26557765646248
273.7654816704053
-58.88712208383549
825.8104872685453
53.487281608220655
-645.2040737657444
-396.1503643742253
-524.8526039385742
846.1624989324846
241.44524787338378
169.86450059504205
-244.73502014180667
253.0790012980142
197.0832401000771
-195.89588229315814
286.4318905108794
-299.9416457670304
688.5865546166842
563.2277133351745
-372.07641115909064
120.63952750231147
-106.68561212206987
713.2844412252489
82.9773485810565
712.251979131097
105.98960858423379
79.72222573538602
110.2897483040233
-362.5198223939133
-140.5288472211414
-125.72446837530333
134.66233535498577
-384.1713133111989
-1367.3126911153522
-304.68646729422835
-357.7820765805209
-69.91943535252358
200.36671965724963
526.0370499363071
-84.12384754015693
1909.6636784824768
158.0360509010152
1072.6380548780835
781.8319765008346
-286.3318012383188
147.93938245581012
7.480974090123709
-272.45840897031485
133.48269908491966
680.9549723980272
252.39282482245108
-453.30668539108956
-40.99164598117932
255.75257232770127
-287.51186528985454
83.44209358832813
-183.9610193860608
-90.8497494749281
-139.51888369575863
149.28191672627509
-86.11866838703827
971.5208178403027
-149.98981062435632
265.97529435616525
-236.68447636288147
344.6542707884382
-1389.813793477002
184.01688044397451
69.41667516938287
118.24454951410007
102.44315788729364
7.401443642611412
603.4420067800093
111.29152573684769
216.9645785911125
162.91105664290626
241.1617460403304
1113.506082224576
582.9136834299024
158.42802960303925
-22.573363431150938
-0.8859458904917119
83.22799832511555
-134.35475852823947
-72.25884890988527
-348.9011920257053
-80.1507485692382
-83.48590743287059
994.9192597587389
173.68651719262743
-5.540353127289563
-867.3179416998137
-42.565470960209495
13.280369754160347
-166.383111542611
311.36526808721464
8.442428824808303
143.36672359862496
-38.65605331458573
580.6354656366639
980.9186092285654
-59.804468711517984
-265.2245291867439
153.41810069371604
402.8780989811239
346.3936848204703
385.0776173475988
5.251073683075447
-313.0536852485875
32.942222867881355
166.53210071647663
73.79420168403885
-34.68723889363173
-27.514458177896813
4.553337179922892
-38.27188457426746
-199.97047334189483
-198.88114820066767
-653.3651095589867
77.97108109326473
1872.2491722421037
34.22304959446592
-58.2065949507014
597.9282047244978
-52.02781886080447
108.99182561307862
316.94813183953374
947.3996160139177
-415.0626745807549
727.322624686416
51.01044528252896
30.20323931590974
211.40089514762622
274.3599344999948
200.16061528245518
-112.90004888337717
-556.342680532116
44.26274117781031
5781.782467572444
17.645598449578756
-783.4329032752921
234.52239252827712
667.2469737148385
39.84063745019921
361.7489468104777
76.604903065685
484.7772848181339
-126.88283939497524
272.9833400507523
461.4057894349917
-40.65040650406627
-486.1340472785996
886.6396314971516
-23.280309956591736
-75.25833911196423
-46.22891203605832
68.12931542707884
423.18817440494604
52.39841316406637
275.8789658789756
263.61520883584126
-158.25531544763908
2817.6071740761563
40.399219599923526
-140.7647311783021
-143.30427397588755
-67.89661217562207
10.92435511214353
1175.5730831645997
-443.3367674545807
185.4648112569248
683.6700687399207
-28.49244025299049
-396.46768817361954
-423.78344201616164
-110.16023170708468
91.85474301140493
350.05391717392376
-879.306076034316
544.751405473824
-268.4316805428334
1430.1711100444409
-707.3372168524329
-140.36256303018308
1365.5115044929753
382.7085916642354
203.19455506785926
648.2294456739837
-1471.4232392454596
-396.4718845458392
-87.52327329066065
36.28609906911515
165.29646277450047
329.01087209345496
-163.20411262682683
25.79903046878644
-21.64358125074432
-6440.413568025537
667.876611327667
-387.1712625190012
527.5286813772746
-7644.090001310336
150.33115573377836
-647.089068091942
53.51737835244967
-144.17400595088293
-108.98401107173231
27.689245810319335
464.5203616915933
927.7549863280692
471.5220277195076
582.6630367739162
77.9130546560391
41.759695487869976
336.9913430887027
-177.25442638642016
-39.959643140246044
-142.1997381071924
-205.98524498142433
-465.39183536261226
578.0214992315996
463.1692606679371
864.025983239786
-8317.449814793532
-166.02050093934122
34.33419323504495
41.311208627026645
404.15874836612784
61.716832921885725
-71.91075029228705
-217.7626363347572
376.3159262146128
232.13093917074366
-721.115329716451
323.0653826348407
164.72066065898616
466.815672834211
27.554089402328827
28.35377197885464
-112.328501260552
-611.034923661331
145.42820088341614
-1115.0856547796848
43.2831677290942
721.6300485883312
188.47127054311568
444.73582077110586
-146.48793052710062
-137.07452647913306
-6.000504652778545
337.24692698394574
558.8087136758186
189.08461838746007
13.134848289517322
306.9653933868485
562.6840512881045
4265.799907637551
-81.15134216037586
284.8616527372851
616.454963988781
475.3872971237706
-184.62582052618563
80.59185274339688
246.60647719802182
-8228.450986803673
-932.4799483647021
-68.88370478433717
150.34623072897193
472.06487863318034
784.1794819927582
-68.99262087941497
-24.621580402537802
426.64541204312263
214.87854991733548
107.63566878788879
95.95587530748526
83.4885210436114
-154.95692163452804
-242.40242901030433
-857.2171567130717
-448.91887580902767
-208.76836751745577
-434.01146425953084
-8581.730564930971
699.3691112595225
-96.69885223118581
-1376.2794549847586
48.49668644222584
-162.85440547797407
1166.4993611077862
59.15325933430722
-192.94891466183253
-31.12283852949804
-35.863746988094135
-999.1460585601453
542.2909260801116
107.01996732720363
-158.77031033168714
32.41607700410532
859.9862395143573
280.8474944875452
32.02937350222237
274.9990367368737
451.117370586122
-6.096115255344557
69.47242234773694
1584.2159444103272
73.20052205503816
175.97883522878874
452.5094876548046
679.5982942055434
528.4813426849341
-145.64875680069963
812.742342313928
-24.17613792287011
1128.1874425061378
-55.73041202197419
-500.63121463189236
2022.9304521880003
-54.200542005419265
99.09180257326261
152.91978682891022
-301.3060357142367
346.0286900529645
2518.009128687152
166.40380940212344
404.0386644637201
1113.4438023101848
-98.4978870452178
-46.278656260095886
359.53938691313124
518.1945172065498
-445.89980964328606
-99.9734286575167
121.65922134428911
-842.7832324782576
110.3063173167684
-80.56745017181674
2237.1627862975256
40.23001618438502
-16.750598717448156
691.260715891829
1340.9666720097866
-28.031163720050245
-101.33044239709125
47.72489475572729
8.721565995900164
115.77590791879629
289.83635631498146
508.42081547238377
322.89242503353125
1305.9614778919877
337.722058782354
122.272795884066
156.48185597385418
4.953079730044919
41.30926009193354
22.833965594809342
-16.141944043529293
808.3224183685234
166.54508918441752
176.99518668916062
135.14796173625837
63.03892566168179
699.5520974002557
343.751126778483
-3494.4131782748473
32.301864447961634
0.0
1791.6762585398992
-500.5651449975976
-8174.62256332804
-585.5451470061817
289.6997272370172
331.73578455332427
-118.31604538720603
-3491.3495000435732
578.6983327436574
2339.8607521639988
1306.2460434130717
87.78580731102011
1304.7759717648187
-1420.657537357396
1058.395769745659
-928.2233806999793
1047.6066898041463
104.16666666666606
1399.491589842737
4321.084884436148
9.764042631299162
790.4262536098249
489.49588420008513
749.3719587074374
1601.5832165629636
86.0060315732444
1411.2722914087663
227.6523118237128
123.70337139062394
36.95162926732337
-2.014160655446176
289.9627181094784
202.42225249290095
229.96297686323487
-662.2120705093894
540.0753906633017
83.24255510023431
6634.615689665632
-98.46925377164553
314.6081373814359
76.39066449321399
1036.1876038040882
675.2708317671932
95.70141414839964
-8036.032288010461
-35.162705957533035
262.57976847044483
66.5891131763783
45.86240031687157
124.21621542198955
-578.2793467355859
-602.4394122175636
-8710.524430366942
294.7980637942346
818.4208230858112
1780.9605994189296
596.4578566528835
524.4793562794948
1533.6266293471272
-217.745294140208
947.2148714775722
-8747.84503857888
1678.557739896807
388.7993445371976
2096.286403326978
32.04922401900694
-702.3899551311843
172.6845063543642
332.9746475960328
-63.30736554096802
1044.5463070645637
158.06820864488145
186.56428026969297
95.62717909383719
-227.19391702512075
-168.05139860333657
493.9689349954424
1462.200939897437
-78.24052308315731
-80.67237143681996
384.99250726445825
246.09472055935112
-33.4001407590149
173.8846502516899
-62.54285122341025
962.9223138348189
-6453.688531574488
398.1043288428755
68.27817220387806
-939.4908454871165
1690.527402205389
376.4911596553484
-829.2538836008971
508.39511008399677
2336.8289003686623
-93.45246479371963
9.71197443785968
-8188.661187728274
402.49197633653785
-362.88369113522276
2962.358534236293
-27.685282677352006
1633.3655726386496
63.17622667243995
-599.0247306048277
669.2308168559266
112.07106195534288
18.332229890473172
2529.9045233983015
85.4232323189226
218.5152894197472
-233.5702481318731
488.03440640973713
-100.669677221842
544.2225388889274
-751.3626400389203
17.320924627354543
107.01280200671863
-41.323369986737816
-105.08187699890914
380.7546443033225
-293.72095558539695
-52.41534479956863
610.8078644327234
-2158.9852408084653
100.31833254461162
689.2936796575614
52.63845831144317
-99.57957909650395
-8327.837637390436
873.3846016174739
29.210548998386002
-29.878238420298658
-328.70207707952613
649.9565435259592
-7783.7313521852375
207.93284266134287
185.45782997442439
2535.555912449543
-456.5364730460187
-196.2499979020322
-8067.140407853393
-70.41987007164244
965.5819138047245
756.085122114946
6.524055218977082
194.19981274377824
521.2380588654141
770.5298048215136
2931.1920897320506
-904.6127699010995
-104.03340320667303
-217.97037551512767
1198.6763493647086
-192.5104719205301
1512.7051249422038
3392.7963172094696
4.516993914607156
-4977.366072180388
6321.806358622409
-26.691141810017143
102.72112238846967
9309.409217907909
418.5737270976606
-677.3701337137045
315.7656212370239
1720.1324223913853
442.2181806652334
134.4499282797533
122.5348232546803
-226.98561192533452
-1401.9472713692667
-90.97458277631813
-654.9553096183481
-510.63967595174654
693.3398536775385
171.2352715306497
439.42742058222757
2128.9826031312623
-96.60934068588358
576.3766566619488
1104.1629978101428
147.45678960140503
-371.5748838001873
3.4573717561434023
135.82257246918562
-8397.258793180286
-8595.635325062745
-98.4892129316977
1367.3937056769664
-123.01450606048456
-1189.7440356673997
1599.4866082721292
96.15384615384755
1589.4725492874168
1649.8903971081218
4063.9092175404403
-39.200877316794504
-4435.695332910388
1946.8526891046058
3929.6961204011313
-4293.724668507625
-269.44460687467654
656.5625155138769
-183.4216646804034
2066.910136952165
2320.1322906388777
-26.051978515226438
83.17713574954905
180.61836576170936
-64.92335440045827
-7099.539138237393
-793.6796751252896
-8407.614554257021
122.31657438980255
-7853.998378639539
1321.4217543173982
-8474.762301236962
258.94466139985343
-6614.277860392738
-5398.456849258359
-320.67350260733474
2099.8821282323333
765.1898742613375
-43.75480055466505
2365.111396868637
1843.6177906834146
1218.6759128406356
-113.42583112636385
1067.3820281188382
658.2244225559662
3118.780385934586
944.2590546157971
-84.57551807944765
283.2696405276238
-198.35897544393265
-3558.523762312947
-71.96141571615408
398.87078881588604
-134.49610599160405
1415.3477762268976
-444.6765937902601
118.21775896449799
1208.2120557352791
225.5783568982897
701.7336856287839
-2894.4431139600456
-42.89219281804617
-279.41131580203
1458.6850177024826
2867.424553599236
-530.7718404398856
231.5325696618729
16.937534910712202
-561.3287326880145
44.64698707052776
16.462655498955428
-5809.6716240330825
231.68803854169164
-7019.721386510972
-238.17999652358048
378.81530344311614
-1152.9409012002143
-224.5694329625694
601.2888227531221
688.3913362553067
96.33743384541776
253.7592256220887
-20.72469592426387
815.866905653751
-8087.14840487347
-29.144994999454866
-8529.382465833052
-78.97757041737168
68.90617972739165
3001.3741073387027
-6446.530448616335
101.28284848614021
-456.85491968853785
667.2607965174102
1487.5741321272071
-155.23094583192506
14.358301072838003
-203.35373348844405
-6928.619053007496
42.87661968495195
412.58092373181717
3782.1303785094333
-4919.596198540898
-658.7321474877735
179.69103212763366
-221.10865438462497
640.4242321508573
-75.39622330498423
189.77802922617047
-235.41494871791656
-5312.8246489034145
3.9025032771496626
-353.88938224633966
-602.151940189473
-361.7450113656032
-434.3755753436908
515.5616996945555
1261.2942051230257
460.6924502357815
-776.6585839296094
-7.1573524195555365
-67.90804216785727
1161.9160115072154
152.93996617526318
-36.167562562344756
-24.392626916507652
-6459.215097407271
821.3982122128473
2806.086384805767
603.6320992502588
425.2991089008865
261.2186066810391
102.43739520224699
1365.0007167958865
-320.65473258040765
-1233.7573764316294
2475.2354941268404
-1756.5287197402795
1475.989135612921
1310.6875898529324
2110.2569576893693
565.4661021069951
1526.1881260650953
976.7653403160657
435.1768653605959
822.2683598838976
15.883956826461144
746.4669103619945
-3104.073059448726
4948.909191270188
627.2934342718345
2957.868318390305
58.88568728904829
2528.282307283702
4170.250299751975
766.1657651103123
60.23719284089566
600.9851620980444
813.3827760903096
436.99010576878754
1165.2957203511978
176.33044126009918
425.5553253444741
645.0900280541682
-119.54568758143432
28.642981726572543
1.5624564277695754
-454.9909097933996
1229.5352095190374
427.28941660036617
1478.6282208055782
-2.5385145840555197
-432.2929508371926
-7115.444942075461
99.73153819266554
1038.5830564780736
364.71049426811624
1811.1029018323625
1277.8175532227306
384.69258979478946
-36.093493810347354
408.8383283802523
921.4210245059003
132.81174908572393
1662.5154092363082
-1341.4973353238365
308.32932608834744
262.86611302618076
1000.8462090417943
-4364.8101143150325
521.4664013307229
244.74899728046512
-875.1938363065365
-5167.923235348328
-266.6310330769247
1531.9913472246772
269.8345709596997
1118.9621777608863
-6948.988525415576
232.24436383160173
-824.9429061435803
-450.1966072683663
770.6675858645049
1339.091121382815
370.0462899057129
-7232.833509395854
-5374.447419708601
47.14932221226991
-103.78043483045803
-69.88904681235908
1723.8593930777079
-821.9623324846434
131.0058361243282
7215.407060766731
5871.916062651917
1779.9951017711282
6097.835965133874
1716.022604890597
-5169.867136265856
627.4390105619259
1111.6082294127573
1186.6227634323695
4.702209959481479
527.3760579168193
646.2240612510286
2257.903725362259
-560.6629784924517
-975.6142955559644
65.3851350148525
2706.2265421696557
-124.20686505119556
652.5660729899573
4837.066023028165
-354.262370867571
3400.260127171965
1695.877113574781
459.277844332144
1445.1670716518183
-3879.362837542586
16695.998820731475
2753.8149545931337
1775.951370196868
-504.8317292454012
-7274.498968454427
367.94198914477056
4656.883040669245
-7678.823079953503
-5212.472251021224
96.32187286327462
285.6295007318513
-1473.803753774686
-6996.992589262
152.27016453465512
2659.260396641759
-6187.500545506205
370.6779522343495
-6170.472660438346
2089.720958869704
-215.40282247481082
-5961.627932850752
513.2692106153245
-600.7309860158548
-342.2901523175533
-2933.7833211942334
1150.731653336743
1135.6050414230376
-4109.025722211122
11072.609176777227
-6284.691374486107
-92.22307860138244
2287.683722904909
234.4589680642548
621.0834455659133
4685.081980281409
-4029.7634723680776
1489.920083835832
1716.2474962190554
906.1253839569927
986.9820971802055
2474.7263887012905
-6574.851921761841
113.86041669486985
3800.817553245899
3150.933166605233
154.1487473974812
28.66900903415626
790.6737089516173
185.93046742342085
-8233.231349072179
-1248.0558348265877
554.9925733370928
938.471297062144
34.73305738384988
-8570.036329465347
-1709.2374735058856
-5863.062074080016
-1701.9125516291551
3202.70134472053
1208.2972598951856
673.0803313481538
1088.8280181218324
-4269.9418361625985
-2723.793948586812
2577.1829737195185
-16.073657996153997
4129.298404118743
-3455.623439483553
4568.107512255821
1819.3524978490204
731.8627977490687
2008.1016530984361
-6604.230632589429
2230.1729203494524
1012.5242192268761
662.0884650205498
-6928.341456575283
-284.21542707557273
-7299.163254367544
-6780.570256844227
-1271.4006101572686
4291.562958862818
-965.4994623485327
3179.0186204669953
859.3960434780201
-105.0078971878338
3731.211815638926
-2450.3885754888743
2890.5817938903474
3913.956712400419
-231.0255652408814
2110.2260354449845
-2780.9928878508645
1126.0913522783758
3791.751473899232
346.62304522434897
-4781.556169620253
-282.85592104981697
4129.193631626225
-162.50038146972656
1971.0801918666803
-325.4477785087329
13403.714875414706
-899.6573966690648
678.0887826300277
1720.302937110493
1048.0560600316403
10436.209305705197
162.49314984479497
388.29632189375116
-5062.468900222008
-7023.775001046921
592.7117490272194
776.8842648943428
-360.3928987793224
-1796.6827604767223
-4781.826373630489
860.8430619024311
8045.30316426362
-1970.8378175135276
-71.49027345549803
-2847.1790706118563
185.8391692337027
542.6843640274674
14146.54203363396
-4705.293525835708
-588.544350718761
-362.5910247037755
88.19251968592835
4733.409830275581
6510.608948059969
997.5994524730759
471.5491120564493
-1766.0359705742558
652.134802098486
921.0621114143651
531.8737951220683
-400.6675531577621
2084.41621903797
2798.966472618142
9689.429987286854
514.6983023517641
352.9346555174052
-6269.069313458463
988.7559059481973
-80.53353294483531
3304.967790059629
6302.932142832709
-889.4771145816012
89.9236681569837
18.176437310456095
4012.899157977634
2558.4858048467777
-1604.0900937995193
-4513.70819431792
7405.54768817572
554.6147137661264
20468.929491701077
2285.2141469686576
1453.6504046179343
12043.96553764397
58.82352941176396
-6448.644824532359
408.376762183816
-4370.896035460732
-5165.389714649912
26730.367418885777
-43.565805468548206
-1051.6156616128337
-4442.227625514546
-2638.982927596164
-2638.4574219356527
-4180.616282796102
563.2328213020719
-349.26076689768706
174.93269071327268
-4044.1135083033632
9454.321560048287
5733.14787299027
2594.397648787226
3488.8145751064803
-3662.238875833361
-268.96408327041536
-2713.107048225459
30.615553139608892
794.4150582631573
