356.59670784355694
85.97664132495993
-55.46855914351727
-99.23973586292959
-33.247329212757904
52.49520546842905
-70.49122722723405
-47.845744643635044
90.5554158466748
11.023296290679355
106.25745790795918
-287.0277426815519
46.728971962616924
-19.12390198759931
286.0887828999912
111.00580356841056
78.25280659781492
39.783219460765395
113.2955166868669
-115.54253414504637
131.79524164008035
123.89457700965431
114.13853616973029
166.83121637190743
12.911676054611235
508.1802133439014
-13.86555625516121
-48.07692307692196
-56.25081448619676
438.9353783044662
312.2803998185136
147.74576837200402
379.10999532868846
628.0277717966492
325.87748818128784
124.08678617718942
17.543859649123988
137.7472180297591
-219.97177409369397
-152.68197452995264
76.74553846900017
-24.616669347502466
-26.732038661912156
-60.36201163933947
-158.69008030438636
1922.59943288678
-137.55883212885965
138.8888888888887
-138.6397980241636
197.3321863691781
40.25701973572359
-470.9547116579488
41.654990629454915
-50.15140232214253
1529.6318584830606
409.70875761287243
-912.6761543529628
-306.2720351249027
-146.638262784787
7.181544076118371
282.81461523161306
363.4759195550305
-7795.27881613789
6.977277399078957
491.2634727921886
1506.2428352893567
1292.9795209963413
39.45403047956279
3100.357305352756
50.8473439897607
2292.194040276334
994.7867099456616
159.13299255138918
216.83872932447412
941.0452708016019
13.555631744155107
152.4982451787546
-819.0406749771573
42.10205693767966
854.0960671540015
-157.35919271749663
-141.36811196755662
643.5714310523799
-5788.234412121652
10.823981867093607
69.52497619577844
323.94207774082315
7610.921487798576
-9.7692159017206
457.187209355523
8.199567571469743
-20.751748429775034
116.48694654057363
1413.4630081883988
-6792.840206146776
-133.78689044810017
364.1319406002767
80.6528856457262
259.3619191542475
1318.3262021156243
-1537.3235879419353
5.522439435235356
268.2620486372598
80.59274385725985
348.4241577318535
957.4739238397779
1095.6072295577578
596.3425198061595
25.188797034086747
59.34796699739127
-437.5932218004509
62.23242929501794
1252.3538491746313
746.9488484533085
9374.018834361676
-7787.613424920922
-33.8579648815321
-266.4286645886168
-195.21221641126976
-8425.984599134541
87.58884168069562
88.60506036886181
-3.0728972832621366
1232.1587280747844
152.6314943301295
-6224.215545694768
10.114123430023028
2771.969744642747
-185.9528600320118
114.49387349124117
366.90337156860915
9238.906891518964
1159.3875083177209
-279.81261029013876
-4462.815690102451
-2610.5625021335254
6063.204335822107
6426.929895048714
698.4358830187648
-81.96939908864078
-7262.033154443094
-210.51131287944554
2027.350082224697
-6875.625745899552
1478.6105037912184
2830.4339545264666
2372.924740977469
-5718.368032300888
0.09654742227576207
5140.767646118487
557.5743012789226
2140.334194008379
-36.2002445057642
5843.685366953907
682.4483782397565
-2473.321333087444
-551.1179662504292
